Começou
19784318
19088520
19088521
19088522
19088523
19088524
19088526
19088528
19088529
19088532
19088538
19761143
19393698
19393704
19393710
19393712
19393713
19323914
19323918
19323920
19323924
19838468
19838478
19838479
19838480
19838486
19579441
19579442
19579443
19579444
19579446
19579448
19579449
19579452
19911552
19835882
19835886
19835888
19835892
19928994
19929001
19929002
19929003
19929004
19929005
19929006
19929007
19929008
19929009
19929010
19929011
19929012
19929013
19929014
19929015
19929016
19929017
19929018
19929019
19929020
19929021
19929022
19943585
19943587
19943588
19943589
19943591
19943593
19943594
19943595
19943596
19943597
19943598
19943599
19943600
19943601
19943602
19943603
19943605
19943606
19943607
19943609
19943611
19943612
19943613
19943615
19577056
19577057
19577058
19577060
19577061
19577064
19577065
19577066
19577067
19577068
19577070
19577071
19577072
19577073
19577074
19577075
19577076
19577077
19577078
19577079
19577080
19577081
19577082
19577084
19577085
19334161
19334162
19334163
19334164
19334165
19334166
19334167
19334168
19334169
19334170
19334171
19334172
19334173
19334174
19334175
19311145
19311146
19311147
19311148
19311151
19311157
19492352
19492368
19492369
19492372
19771360
19771362
19771364
19771368
19771370
19771371
19771374
19771376
19771380
19771381
19771382
19944641
19944644
19944645
19944650
19944651
19944654
19944656
19944657
19944661
19944662
19944663
19944665
19513560
19513561
19513562
19513563
19513564
19513566
19846118
19846134
19846136
19846142
19921793
19921795
19921796
19921797
19921798
19921801
19921802
19921803
19921804
19921805
19921806
19921807
19921808
19921809
19921810
19921811
19921812
19921813
19921814
19921815
19921816
19921817
19921818
19921819
19921820
19921821
19921822
19689056
19689062
19689079
19689085
19689086
19689087
19913249
19913255
19913263
19913267
19913269
19913270
19913271
19913273
19913276
19913277
19383914
19383918
19383919
19383920
19383924
19383925
19383926
19383927
19383929
19383935
19794528
19794530
19794531
19794534
19794536
19794537
19794540
19794541
19794542
19794543
19794545
19794552
19098752
19098754
19098756
19098757
19098758
19098762
19098764
19098768
19098769
19098770
19098772
19098774
19098776
19098780
19098782
19589664
19589670
19589672
19589673
19589688
19848720
19848721
19848722
19848723
19848724
19848726
19848728
19848729
19848732
19344385
19344386
19344387
19344388
19344389
19344391
19344397
19344398
19344403
19344409
19344410
19344411
19344412
19344413
19344414
19344415
19939232
19939233
19939234
19939235
19939236
19939237
19939238
19939239
19939240
19939241
19939242
19939244
19939245
19939249
19939250
19939251
19939252
19939253
19939254
19939255
19939256
19939257
19939258
19939259
19939261
19939262
19939263
19953824
19953825
19953828
19953834
19953841
19953842
19953843
19953844
19953845
19953846
19953847
19953848
19953849
19953850
19953851
19953852
19953853
19953854
19953855
19414183
19414201
19414202
19414203
19414204
19414205
19414206
19414207
19354627
19354633
19354634
19354635
19354636
19354637
19354639
19354645
19354646
19354651
19587296
19587297
19587300
19587301
19587302
19587303
19587304
19587305
19587313
19587314
19587315
19587316
19587317
19587318
19587319
19587320
19587321
19587322
19587323
19587324
19587325
19587326
19587327
19856352
19856358
19856360
19523776
19523778
19523780
19523781
19523784
19523785
19523788
19523790
19523791
19523792
19523793
19523794
19523795
19523802
19523804
19523805
19954880
19954881
19954884
19954890
19954896
19954897
19954898
19954899
19954900
19954902
19954904
19954905
19954908
19108992
19108998
19109000
19109016
19109022
19321376
19321381
19321382
19932032
19932033
19932034
19932035
19932036
19932037
19932038
19932039
19932040
19932041
19932042
19932044
19932045
19932049
19932050
19932051
19932052
19932053
19932054
19932055
19932056
19932057
19932058
19932059
19932061
19932062
19932063
19364880
19364881
19364882
19364883
19364884
19364886
19364888
19364889
19364892
19502592
19949473
19949474
19949475
19949476
19949477
19949478
19949479
19949480
19949481
19949482
19949483
19949484
19949485
19949486
19949487
19949488
19949489
19949491
19949492
19949493
19949494
19949495
19949502
19866600
19866601
19866602
19866603
19866604
19866606
19866608
19866609
19866612
19866618
19802084
19802085
19802089
19802092
19923505
19923506
19923507
19923508
19923511
19923517
19858944
19858945
19858948
19858950
19858951
19858952
19858968
19804769
19804775
19375105
19375106
19375107
19375108
19375111
19375117
19375130
19375134
19394149
19599911
19599919
19599925
19599926
19599927
19599929
19599935
19424416
19424418
19424419
19424420
19424422
19424424
19424425
19424426
19424427
19424428
19424430
19424431
19424432
19424434
19424436
19424437
19424438
19424440
19424442
19424444
19119241
19119242
19119244
19119246
19119248
19119252
19119254
19119258
19534032
19534033
19534036
19597559
19331641
19331642
19331644
19331646
19512840
19512841
19512842
19512843
19512844
19512846
19512848
19512849
19512852
19512858
19876832
19876833
19876848
19385344
19385346
19385352
19385353
19385354
19385355
19385356
19385358
19385360
19385364
19385370
19434656
19434662
19434686
19709538
19709544
19709550
19709552
19709553
19129472
19129477
19129488
19129489
19129491
19129492
19129493
19129495
19129497
19129498
19129499
19129501
19129503
19952521
19952522
19952523
19952524
19952526
19952528
19952529
19952532
19952538
19822584
19822585
19822586
19822587
19822588
19822590
19822591
19933729
19933730
19933731
19933732
19933734
19933736
19933737
19933741
19933742
19933743
19933745
19933753
19933754
19933755
19933756
19933758
19815008
19815024
19815030
19815032
19869194
19869198
19869200
19869204
19404384
19404390
19404392
19404408
19395584
19395601
19395602
19395603
19395604
19395606
19395607
19395608
19395610
19395612
19395613
19395614
19887078
19887080
19887081
19887102
19554497
19554499
19554500
19554501
19554502
19554505
19554506
19554507
19554508
19554511
19554515
19554517
19554518
19554519
19554521
19554524
19554525
19341864
19341870
19341872
19618016
19618020
19618021
19618022
19618032
19618038
19618040
19444896
19444920
19444921
19444922
19444924
19444926
19139712
19523072
19523073
19523074
19523075
19523082
19523084
19523085
19523088
19523089
19523090
19523091
19523092
19523093
19523094
19523095
19523096
19523097
19523098
19523099
19523100
19523101
19523102
19523103
19832802
19832804
19832808
19832809
19832810
19832811
19832812
19832814
19832816
19832817
19832820
19832821
19832822
19832823
19832825
19832826
19405824
19405826
19405827
19405830
19405832
19405836
19405837
19405838
19405840
19405850
19405854
19897321
19897322
19897323
19897324
19897326
19897328
19897329
19897332
19897338
19564736
19564737
19564738
19564739
19564741
19564742
19564743
19564745
19564747
19564748
19564749
19564750
19564751
19564753
19564754
19564755
19564756
19564757
19564758
19564759
19564760
19564761
19564762
19564763
19564764
19564765
19564766
19564767
19455138
19455144
19455150
19455152
19455153
19149960
19149961
19149962
19149963
19149964
19149966
19149968
19149969
19149972
19149978
19628286
19620384
19620390
19620392
19620408
19943977
19943978
19943979
19943980
19943982
19943984
19943985
19943988
19943994
19414634
19414638
19414639
19414640
19414644
19414645
19825248
19825249
19825250
19825251
19825252
19825254
19825256
19825257
19825260
19825261
19825262
19825263
19825265
19825266
19825274
19825278
19825279
19879429
19879454
19907552
19907553
19907570
19907571
19907574
19907576
19907577
19907581
19907582
19907583
19426321
19426322
19426323
19426324
19426325
19426326
19426327
19426328
19426330
19426332
19426333
19426334
19853280
19853281
19853282
19853283
19853284
19853285
19853286
19853288
19853289
19853292
19853293
19853296
19853298
19853299
19853302
19853304
19853310
19465376
19465378
19465382
19465388
19465394
19465398
19465399
19465400
19465404
19465405
19465406
19465407
19533312
19533313
19533316
19160192
19160193
19160194
19160195
19160197
19160199
19160200
19160201
19160202
19160204
19160205
19160208
19160209
19160210
19160211
19160212
19160213
19160214
19160215
19160216
19160217
19160218
19160219
19160220
19160221
19160222
19160223
19575001
19575002
19575003
19575004
19575006
19362336
19362337
19362338
19362339
19362340
19362342
19362344
19362348
19362354
19362361
19362362
19362363
19362364
19362366
19889664
19889665
19889666
19889667
19889668
19889669
19889670
19889671
19889672
19889676
19889677
19889678
19889683
19889688
19889689
19889690
19889691
19889692
19889693
19889694
19889695
19954208
19954209
19954210
19954211
19954212
19954213
19954214
19954215
19954216
19954217
19954218
19954219
19954220
19954221
19954222
19954225
19954226
19954227
19954228
19954229
19954231
19954235
19954237
19954238
19954239
19424881
19424882
19424883
19424884
19424885
19424886
19424887
19424888
19424890
19424892
19424893
19424894
19835496
19835502
19835504
19928041
19928042
19928043
19928044
19928046
19928048
19928049
19928052
19928058
19436544
19436545
19436546
19436547
19436548
19436550
19436551
19436552
19436554
19436556
19436557
19436558
19436560
19436562
19436564
19436568
19436570
19436571
19436574
19863522
19863523
19863524
19863528
19863530
19863531
19863534
19863536
19863537
19863540
19863541
19863542
19863543
19863545
19740278
19648736
19648742
19648759
19648765
19648766
19648767
19475618
19475622
19475623
19475624
19475630
19475639
19475641
19475642
19475644
19475646
19585218
19585224
19585230
19585232
19585233
19446785
19446792
19170432
19170433
19170435
19170436
19170437
19170439
19170441
19170442
19170443
19170445
19170447
19170448
19170449
19170452
19170454
19170455
19938277
19938283
19938287
19938295
19873760
19873764
19873765
19873766
19873767
19873769
19873775
19873789
19873790
19873791
19543561
19543562
19543563
19543564
19543566
19543568
19543569
19543572
19543578
19372578
19372584
19372590
19372592
19899912
19457040
19457041
19457042
19457043
19457044
19457046
19457048
19457049
19457052
19845728
19845729
19845732
19845733
19845736
19845738
19845744
19845750
19845752
19845753
19750496
19750497
19750500
19750501
19750502
19750503
19750505
19750512
19750518
19750520
19750521
19485858
19485864
19485865
19485868
19485870
19485871
19485872
19435105
19435106
19435107
19435108
19435109
19435111
19435117
19435123
19435129
19435130
19435132
19435135
19948513
19948514
19948515
19948516
19948517
19948518
19948519
19948520
19948521
19948522
19948523
19948524
19948525
19948526
19948527
19948528
19948529
19948531
19948532
19948533
19948534
19948535
19948537
19948538
19948539
19948540
19948543
19884002
19884006
19884007
19884008
19884012
19884013
19884024
19884025
19884026
19884027
19884028
19884029
19884030
19884031
19467264
19467270
19467272
19467288
19180682
19180684
19180686
19180688
19180692
19180698
19595472
19669218
19669224
19669230
19669232
19669233
19553797
19553798
19553799
19553801
19553809
19553810
19553811
19553812
19553814
19553816
19553817
19553821
19553822
19553823
19477505
19477506
19477507
19477512
19477514
19477518
19477519
19477520
19477524
19477525
19496112
19894250
19894251
19894261
19190918
19190930
19190932
19190934
19190936
19190942
19855968
19855969
19855972
19855992
19855993
19855996
19445352
19910160
19910161
19910162
19910163
19910164
19910165
19910166
19910167
19910168
19910169
19910170
19910171
19910172
19910173
19760766
19661348
19661358
19661359
19661360
19661366
19689719
19904490
19904496
19904497
19904498
19904499
19904500
19904502
19904504
19904505
19904508
19615944
19615945
19615946
19615947
19615948
19615950
19615951
19615952
19615954
19615956
19615957
19615958
19615960
19615962
19615964
19487744
19487760
19487761
19487762
19487763
19487764
19487766
19487768
19487769
19487772
19487773
19506360
19506361
19506362
19506363
19506364
19506366
19564033
19564034
19564035
19564036
19564037
19564038
19564039
19564040
19564041
19564042
19564043
19564044
19564045
19564046
19564047
19564048
19564049
19564051
19564052
19564053
19564054
19564055
19564057
19564058
19564059
19564060
19564063
19770984
19770990
19770992
19455600
19455601
19455602
19455603
19455604
19455606
19455608
19455609
19455612
19201154
19201156
19201157
19201158
19201159
19201160
19201162
19201163
19201164
19201165
19201166
19201167
19201168
19201169
19201172
19201174
19201175
19201178
19201180
19671607
19671613
19671614
19671615
19920385
19920386
19920387
19920388
19920389
19920391
19920397
19920403
19920407
19920409
19920410
19920411
19920412
19920413
19920415
19914745
19914746
19914747
19914748
19914751
19497984
19497990
19497992
19497993
19498008
19403296
19403298
19403299
19403300
19403302
19403304
19403305
19403306
19403307
19403308
19403310
19403311
19403312
19403314
19403316
19403317
19403318
19403320
19403322
19403324
19699958
19626176
19626177
19626180
19626181
19626182
19626183
19626185
19626194
19626198
19626199
19626200
19626204
19626205
19626206
19626207
19924963
19924967
19924969
19924970
19924971
19924972
19924973
19924974
19924975
19924976
19924977
19924978
19924979
19924981
19924982
19924983
19924985
19924987
19924988
19924989
19924991
19508232
19516584
19516585
19516586
19516587
19516588
19516589
19516590
19516591
19516592
19516596
19516597
19516598
19516603
19876448
19876449
19876452
19876458
19876464
19876465
19876466
19876467
19876468
19876470
19876471
19876472
19876476
19876477
19876478
19876479
19211402
19211404
19211406
19211408
19211412
19211413
19211414
19211415
19211416
19211417
19211418
19465826
19465838
19465850
19465854
19930625
19930627
19930628
19930629
19930631
19930633
19930634
19930635
19930636
19930637
19930638
19930639
19930640
19930641
19930642
19930643
19930645
19930646
19930647
19930649
19930651
19930652
19930653
19930655
19574281
19574282
19574283
19574284
19574286
19574288
19574289
19574292
19574293
19574294
19574295
19574296
19574297
19574298
19518482
19518486
19518487
19518488
19518492
19518493
19518494
19518495
19413536
19413540
19413541
19413542
19413552
19413558
19413560
19710176
19710177
19710180
19710181
19710182
19710183
19710185
19710192
19710198
19710200
19710201
19526816
19526817
19526818
19526819
19526820
19526821
19526822
19526823
19526825
19526827
19526828
19526829
19526831
19526834
19526838
19526839
19526840
19526844
19526845
19526846
19526847
19945441
19945442
19945443
19945444
19945445
19945446
19945447
19945448
19945449
19945450
19945451
19945452
19945453
19945454
19945455
19945456
19945457
19945458
19945459
19945460
19945461
19945462
19945464
19945465
19945466
19945467
19945468
19945470
19945471
19528704
19528705
19528706
19528707
19528708
19528710
19528711
19528712
19528716
19528717
19528718
19528719
19528721
19528728
19528730
19528731
19528734
19221632
19221648
19886688
19886689
19886690
19886691
19886692
19886693
19886694
19886695
19886696
19886697
19886698
19886699
19886700
19886701
19886702
19886703
19886705
19886707
19886708
19886709
19886711
19886712
19886713
19886716
19476066
19476072
19476074
19476078
19476080
19476084
19720446
19584512
19584513
19584528
19940881
19940882
19940883
19940884
19940886
19940888
19940889
19940892
19955680
19955681
19955682
19955684
19955685
19955688
19955690
19955691
19955694
19955696
19955697
19955700
19955701
19955702
19955703
19955704
19955705
19538945
19538952
19537081
19537082
19537083
19537084
19537086
19702310
19801704
19801710
19801712
19423801
19423802
19423804
19423806
19231872
19231896
19656926
19730664
19730670
19730672
19486304
19486321
19486322
19486324
19486326
19486327
19486328
19486330
19486332
19486334
19594752
19594776
19549200
19549201
19549204
19547296
19547298
19547299
19547300
19547301
19547302
19547304
19547305
19547308
19547310
19547311
19547312
19547313
19547314
19547315
19547322
19547324
19547325
19667166
19951104
19951110
19951112
19951113
19951128
19434018
19434024
19434030
19434032
19434033
19712545
19712546
19712547
19712548
19712551
19712557
19712570
19712571
19712574
19252352
19252370
19252374
19252376
19252382
19559425
19559426
19559427
19559428
19559431
19559435
19559437
19559438
19559439
19559441
19559444
19559445
19559449
19559450
19559451
19559452
19559454
19557541
19557547
19557551
19557553
19557554
19557555
19557556
19557557
19557559
19557565
19557566
19557567
19677398
19496544
19496550
19496552
19496553
19496568
19822202
19822206
19722798
19722800
19761384
19761390
19761392
19917409
19917410
19917411
19917412
19917414
19917416
19917417
19917421
19917422
19917423
19917425
19917433
19917434
19917435
19917436
19917438
19569665
19569673
19569674
19569675
19569676
19569678
19569680
19569681
19569684
19567778
19567779
19567782
19567784
19567785
19567789
19567790
19567791
19567793
19567807
19615232
19615254
19615256
19615262
19506785
19506792
19832423
19832447
19454496
19454497
19454498
19454500
19454502
19454504
19454508
19454514
19454520
19454521
19454522
19454523
19454524
19454526
19272841
19272842
19272843
19272844
19272846
19272848
19272849
19272852
19272858
19579904
19579905
19579921
19579922
19579923
19579924
19579926
19579928
19579929
19579932
19697880
19697881
19697882
19697883
19697884
19697886
19578018
19578024
19578030
19578032
19578033
19927648
19927649
19927651
19927652
19927653
19927654
19927655
19927657
19927658
19927659
19927660
19927662
19927663
19927664
19927665
19927666
19927667
19927668
19927669
19927670
19927671
19927672
19927673
19927674
19927676
19927677
19842656
19842662
19283095
19590144
19590150
19590152
19590153
19590168
19743264
19743265
19743266
19743267
19743268
19743270
19743271
19743272
19743274
19743276
19743277
19743278
19743280
19743282
19743284
19743288
19743290
19743291
19743294
19464738
19464740
19464744
19464745
19464746
19464747
19464748
19464750
19464751
19464752
19464754
19464756
19464757
19464758
19464762
19464764
19517029
19517030
19517031
19517033
19517042
19517046
19517048
19517052
19517054
19708104
19708105
19708106
19708107
19708108
19708110
19708111
19708112
19708116
19708117
19708118
19792103
19792109
19792123
19792127
19600385
19600393
19600394
19600395
19600396
19600398
19600400
19600401
19600404
19293313
19293314
19293316
19293319
19293326
19293337
19293338
19293340
19293343
19635721
19635722
19635723
19635724
19635726
19635728
19635729
19635732
19635738
19937888
19937889
19937892
19937893
19937894
19937895
19937896
19937897
19937898
19937904
19937906
19937907
19937910
19937912
19937913
19937916
19937917
19937918
19937919
19852926
19718336
19718342
19718366
19598510
19527264
19527265
19527266
19527267
19527268
19527270
19527271
19527272
19527276
19527277
19527278
19527288
19527289
19527290
19527291
19527292
19527293
19527294
19527295
19474976
19474977
19474980
19474981
19474982
19474983
19474985
19474986
19474987
19474994
19474998
19474999
19475000
19475004
19475005
19475006
19475007
19753508
19753511
19753514
19753518
19753519
19753520
19753522
19753525
19753526
19753527
19753529
19753532
19753535
19303562
19303566
19303567
19303568
19303572
19303574
19620894
19620895
19948128
19948152
19608744
19608745
19608746
19608747
19608748
19608750
19608751
19608752
19608754
19608756
19608757
19608758
19608762
19608764
19631111
19631119
19631125
19631126
19631127
19631129
19631135
19863144
19863145
19863148
19863150
19863151
19863152
19313798
19313810
19313814
19313816
19313822
19485240
19485242
19485246
19537512
19656206
19822838
19738824
19738825
19738826
19738827
19738828
19738830
19738831
19738832
19738834
19738836
19738837
19738838
19738840
19738842
19738844
19641374
19958376
19773984
19773990
19773992
19773993
19774008
19618976
19618977
19618980
19618981
19618982
19618983
19618985
19618994
19618998
19618999
19619000
19619004
19619005
19619006
19619007
19495456
19495458
19495459
19495462
19495464
19495470
19495472
19495473
19873376
19873377
19873381
19873382
19873383
19873385
19873393
19873394
19873395
19873396
19873398
19873400
19873401
19873404
19833056
19833057
19833061
19833062
19833063
19833065
19833073
19833074
19833075
19833076
19833078
19833080
19833081
19833084
19547760
19547761
19547762
19547763
19547764
19547766
19547768
19547769
19547772
19666446
19666447
19666448
19666454
19749056
19749060
19749061
19749062
19749072
19749078
19749080
19334274
19334281
19334282
19334283
19334284
19334285
19334286
19334287
19334288
19334289
19334290
19334291
19334292
19334293
19334294
19334295
19334296
19334297
19334298
19334299
19334300
19334301
19334302
19784238
19784240
19505696
19505702
19505714
19505718
19505719
19505720
19505724
19505725
19505726
19505727
19672067
19672069
19672070
19672071
19672073
19672076
19672077
19676678
19676694
19676696
19676702
19557985
19557986
19557987
19557988
19557991
19557995
19557997
19557998
19557999
19558001
19558004
19558005
19558009
19558010
19558011
19558012
19558014
19639478
19853536
19853538
19853544
19853550
19853552
19344512
19344516
19344517
19344518
19344529
19344530
19344531
19344532
19344533
19344534
19344535
19344536
19344541
19344542
19769544
19769550
19769552
19682334
19893856
19893858
19893860
19893861
19893864
19893865
19893868
19893870
19893871
19893872
19794464
19794480
19794481
19794482
19794483
19794484
19794486
19794488
19794489
19794492
19515943
19515959
19515962
19515966
19515967
19568225
19568239
19568245
19568246
19568247
19568249
19568255
19649696
19649702
19649718
19649720
19692558
19692560
19863792
19863793
19863796
19354753
19354754
19354755
19354756
19354757
19354759
19354765
19354766
19354771
19904112
19904113
19904116
19526178
19526184
19526185
19526188
19526190
19526191
19526192
19804704
19804706
19804707
19804710
19804712
19804716
19804717
19804718
19804728
19804730
19804731
19804734
19578481
19578482
19578483
19578484
19578486
19578488
19578489
19578492
19578493
19578494
19578495
19659966
19790040
19790041
19790042
19790043
19790044
19790046
19365000
19365001
19365002
19365003
19365004
19365006
19365008
19365009
19365012
19365018
19713025
19713026
19713027
19713028
19713031
19713037
19713050
19713051
19707392
19707396
19707397
19707398
19707414
19707415
19707416
19707422
19536416
19536417
19536421
19536422
19536423
19536425
19588704
19588710
19588712
19588713
19588728
19670178
19670184
19670190
19670192
19670193
19884278
19800264
19800270
19800272
19723286
19375232
19375234
19375236
19375237
19375238
19375240
19375242
19375244
19375248
19375249
19375250
19375251
19375252
19375254
19375256
19375260
19375261
19375262
19924607
19717646
19825206
19825207
19825208
19825210
19825214
19546656
19546657
19546658
19546659
19546660
19546662
19546664
19546665
19546668
19546674
19546680
19546681
19546684
19598954
19598958
19598959
19598960
19598964
19598965
19598966
19598967
19598969
19598975
19894512
19385472
19385478
19385480
19385496
19385502
19743744
19743750
19743752
19743774
19934816
19934817
19934820
19934821
19934822
19934823
19934824
19934825
19934832
19934838
19934840
19934841
19727880
19727881
19727882
19727883
19727884
19727886
19727888
19727889
19727892
19727898
19904738
19904739
19904742
19904744
19904745
19904749
19904750
19904751
19904753
19904760
19904761
19904762
19904763
19904764
19904766
19820762
19820766
19835424
19835425
19835426
19835427
19835428
19835430
19835431
19835432
19835434
19835436
19835437
19835438
19835442
19835444
19835448
19835450
19835451
19835454
19556903
19556905
19556906
19556907
19556908
19556909
19556911
19556917
19556923
19556927
19609214
19395721
19395722
19395723
19395724
19395726
19395728
19395732
19395733
19395734
19395736
19395738
19754005
19700904
19700910
19700912
19830977
19830984
19830985
19830986
19830987
19830988
19830990
19830991
19830992
19830996
19830997
19830998
19830999
19831001
19945058
19945059
19945062
19945064
19945065
19945069
19945070
19945071
19945073
19945081
19945082
19945083
19945084
19945086
19567136
19567137
19567138
19567139
19567141
19567142
19567143
19567145
19567147
19567148
19567149
19567151
19567159
19567165
19567166
19567167
19619438
19619454
19845665
19845672
19845673
19845676
19405952
19405970
19405974
19405976
19405982
19925216
19925217
19925218
19925219
19925221
19925222
19925223
19925225
19925227
19925228
19925229
19925230
19925231
19925233
19925234
19925235
19925236
19925237
19925238
19925239
19925240
19925241
19925242
19925243
19925244
19925245
19925246
19925247
19774464
19774466
19774467
19774470
19774472
19774476
19774477
19774478
19774488
19774490
19774491
19774494
19841216
19841222
19841238
19841239
19841240
19748352
19748358
19748360
19748376
19748382
19955298
19955304
19955310
19955312
19955313
19629665
19629672
19935469
19935470
19935471
19935473
19935481
19935482
19935483
19935484
19935486
19935487
19855922
19855926
19855927
19855928
19855932
19855933
19577401
19577402
19577403
19577404
19577406
19851486
19426434
19426440
19426441
19426442
19426443
19426444
19426446
19426448
19426449
19426452
19426458
19794967
19639922
19639926
19639928
19639932
19587616
19587617
19587618
19587619
19587620
19587621
19587622
19587624
19587625
19587626
19587627
19587628
19587630
19587631
19587632
19587633
19587634
19587635
19587636
19587637
19587638
19587639
19587640
19587641
19587642
19587644
19587645
19866144
19866150
19866152
19866153
19866168
19741856
19741858
19741862
19741868
19741886
19945698
19945704
19945710
19945712
19945713
19861704
19861710
19861712
19805214
19436672
19436673
19436688
19436690
19436691
19436694
19436696
19436697
19436700
19436701
19436702
19436703
19768832
19768854
19768856
19768862
19815425
19815432
19815433
19815436
19955936
19955937
19955940
19955941
19955942
19955943
19955944
19955945
19955953
19955954
19955955
19955956
19955957
19955958
19955959
19955960
19955961
19955962
19955963
19955964
19955965
19955966
19955967
19752109
19752110
19752111
19752113
19752127
19876385
19876392
19876393
19876394
19876395
19876396
19876398
19876400
19876401
19876404
19597886
19446914
19446918
19446919
19446920
19446924
19446925
19446926
19446927
19446929
19446935
19825682
19825686
19825687
19825688
19825692
19825693
19882181
19882183
19882187
19882189
19882190
19882191
19882193
19882195
19882196
19882197
19882198
19789320
19789321
19789322
19789323
19789324
19789326
19789328
19789329
19789332
19789338
19835904
19835910
19835912
19835928
19886627
19886629
19886630
19886631
19886633
19886636
19886637
19886640
19886641
19886642
19886643
19886644
19886646
19886647
19886648
19886649
19886650
19886651
19886652
19886653
19608102
19608104
19608110
19457160
19457161
19457162
19457163
19457164
19457166
19457168
19457169
19457172
19457178
19892425
19892426
19892427
19892428
19892431
19892437
19799552
19799553
19799568
19799570
19799571
19799574
19799576
19799577
19799580
19799581
19799582
19799583
19846154
19846158
19846160
19846164
19467392
19467394
19467396
19467397
19467398
19467402
19467404
19467408
19467409
19467410
19467411
19467412
19467414
19467416
19467417
19467420
19467421
19467422
19467423
19618344
19618350
19618352
19896864
19896870
19896872
19896873
19896888
19691105
19856400
19856401
19856402
19856403
19856404
19856406
19856408
19856409
19856412
19912921
19912922
19912923
19912924
19912926
19477632
19477633
19477636
19477638
19477639
19477640
19477656
19477657
19477660
19477662
19477663
19793060
19793064
19793065
19793066
19793067
19793068
19793070
19793071
19793072
19793074
19793076
19793077
19793078
19793080
19793082
19793084
19809794
19809798
19809799
19809800
19809804
19809805
19809806
19809807
19809809
19809815
19907112
19866624
19866630
19866632
19866633
19866648
19923143
19923167
19820040
19820041
19820042
19820043
19820044
19820046
19820048
19820049
19820052
19820058
19803296
19803302
19803326
19487880
19487881
19487882
19487883
19487884
19487886
19487888
19487889
19487892
19487893
19487896
19487898
19917365
19917367
19917371
19917373
19917374
19917375
19876872
19649064
19649065
19649066
19649067
19649068
19649070
19649071
19649072
19649074
19649076
19649077
19649078
19649082
19649084
19933381
19933387
19933391
19933393
19933394
19933395
19933396
19933397
19933399
19933405
19933406
19933407
19711607
19711615
19813536
19813560
19813561
19813562
19813563
19813564
19813566
19887104
19887105
19498112
19498128
19498129
19498132
19830272
19830274
19830276
19830277
19830278
19830282
19830284
19830288
19830289
19830290
19830291
19830292
19830294
19830296
19830297
19830300
19830301
19830302
19830303
19927585
19927586
19927587
19927588
19927589
19927591
19927595
19927597
19927598
19927599
19927601
19927603
19927604
19927605
19927606
19927607
19927609
19927610
19927611
19927612
19927613
19927614
19927615
19897345
19897346
19897347
19897348
19897351
19897357
19897370
19897371
19943617
19943618
19943619
19943620
19943622
19943624
19943625
19943629
19943630
19943631
19943633
19943641
19943642
19943643
19943644
19943645
19943646
19943647
19659296
19659297
19659300
19659301
19659302
19659303
19659305
19659314
19659318
19659319
19659320
19659324
19659325
19659326
19659327
19834016
19834020
19834021
19834022
19834032
19834038
19834040
19518593
19518595
19518596
19518597
19518598
19518600
19518601
19518602
19518603
19518604
19518605
19518606
19518607
19518608
19518609
19518610
19518611
19518612
19518613
19518616
19518618
19518619
19518620
19518621
19518622
19907585
19840512
19840513
19840516
19840518
19840519
19840520
19840536
19840537
19840540
19840542
19840543
19937825
19953856
19953857
19953858
19953859
19953860
19953861
19953862
19953864
19953865
19953866
19953867
19953868
19953870
19953871
19953872
19953873
19953874
19953875
19953876
19953877
19953878
19953879
19953880
19953881
19953882
19953884
19953885
19732094
19917841
19917842
19917843
19917844
19917846
19917848
19917849
19917852
19844262
19844263
19844264
19844270
19844279
19844286
19528832
19528833
19528834
19528835
19528842
19528844
19528845
19528848
19528849
19528850
19528851
19528852
19528853
19528854
19528855
19528856
19528857
19528858
19528859
19528860
19528861
19528862
19528863
19850760
19850761
19850762
19850763
19850764
19850766
19850768
19850769
19850772
19850773
19850776
19850778
19928064
19928065
19928066
19928067
19928068
19928070
19928071
19928072
19928073
19928074
19928075
19928076
19928077
19928078
19928079
19928080
19928081
19928082
19928084
19928085
19928088
19928090
19928091
19928094
19742318
19742334
19948081
19948082
19948083
19948084
19948086
19948088
19948089
19948092
19679798
19854498
19854504
19854510
19854512
19854513
19860992
19861008
19861009
19861012
19938311
19938319
19938325
19938326
19938327
19938329
19938335
19539072
19752554
19752555
19752558
19752560
19752564
19958304
19958310
19958312
19958313
19958328
19690016
19690022
19690038
19690040
19864752
19948547
19948549
19948550
19948551
19948553
19948556
19948557
19948561
19948562
19948563
19948564
19948565
19948566
19948567
19948568
19948569
19948570
19948571
19948572
19948573
19948574
19948575
19549321
19549322
19549323
19549324
19549326
19549328
19549329
19549332
19549338
19700286
19875000
19875001
19875002
19875003
19875004
19875006
19881473
19881475
19881476
19881477
19881478
19881480
19881481
19881482
19881483
19881484
19881485
19881486
19881487
19881488
19881489
19881490
19881491
19881492
19881493
19881496
19881498
19881499
19881500
19881501
19881502
19773024
19773030
19773032
19773048
19559555
19559557
19559558
19559559
19559561
19559563
19559564
19559565
19559566
19559567
19559569
19559570
19559571
19559572
19559573
19559574
19559575
19559576
19559577
19559578
19559579
19559581
19559582
19559583
19710498
19710504
19710510
19710512
19710513
19885216
19885218
19885220
19885221
19885224
19885225
19885228
19885230
19885231
19885232
19885233
19885234
19885235
19885242
19885244
19885245
19569798
19569800
19569801
19569822
19891712
19891713
19891714
19891715
19891722
19891724
19891725
19891728
19891729
19891730
19891731
19891732
19891733
19891734
19891735
19891736
19891737
19891738
19891739
19891740
19891741
19891742
19891743
19783278
19783279
19783280
19895456
19895457
19895458
19895459
19895460
19895461
19895462
19895463
19895465
19895467
19895468
19895469
19895471
19895474
19895478
19895479
19895480
19895484
19895485
19895486
19895487
19580041
19580042
19580043
19580044
19580046
19580048
19580049
19580052
19580058
19730977
19730978
19730979
19730980
19730982
19730984
19730988
19730994
19731000
19731001
19731002
19731003
19731004
19731006
19901952
19905721
19905722
19905723
19905724
19905726
19793504
19793505
19793525
19793534
19590272
19590273
19590288
19741224
19741230
19741232
19915945
19915946
19915947
19915948
19915951
19915957
19803744
19803745
19803746
19803747
19803748
19803750
19803751
19803752
19803754
19803756
19803757
19803758
19803760
19803762
19803764
19803768
19803770
19803771
19803774
19912201
19912202
19912203
19912204
19912206
19912208
19912209
19912212
19912218
19600513
19600514
19600515
19600516
19600518
19600520
19600521
19600524
19600537
19600538
19600539
19600540
19600542
19926176
19926177
19926178
19926179
19926181
19926182
19926183
19926185
19926187
19926188
19926189
19926191
19926193
19926194
19926195
19926196
19926197
19926199
19926205
19926206
19926207
19813985
19813992
19922435
19922437
19922438
19922439
19922441
19922443
19922444
19922445
19922446
19922447
19922449
19922450
19922451
19922452
19922453
19922454
19922455
19922456
19922457
19922458
19922459
19922461
19922462
19922463
19936441
19936442
19936443
19936444
19936446
19761725
19620992
19620994
19620996
19620997
19620998
19621002
19621004
19621014
19621015
19621016
19621018
19621022
19932678
19932680
19932681
19932702
19946658
19946664
19946670
19946672
19946673
19834464
19834470
19834472
19834490
19834491
19834494
19631239
19631245
19631246
19631247
19631249
19631255
19942921
19942922
19942923
19942924
19942926
19942928
19942929
19942932
19942938
19782176
19782178
19782182
19782188
19782206
19956912
19844718
19844719
19844720
19953152
19953153
19953168
19792417
19792418
19792420
19792422
19792424
19792429
19792430
19792431
19792433
19792447
19854944
19854960
19854961
19854962
19854963
19854964
19854966
19854968
19854969
19854972
19854973
19661966
19865184
19865190
19865192
19865193
19865208
19672193
19875432
19682438
19682454
19682456
19682462
19885686
19885687
19885688
19885694
19833380
19833384
19833385
19833386
19833387
19833388
19833390
19833391
19833392
19833394
19833396
19833397
19833398
19833402
19833404
19895904
19895905
19895906
19895907
19895908
19895910
19895911
19895912
19895916
19895917
19895918
19895928
19895930
19895931
19895934
19702920
19702921
19702922
19702923
19702924
19702926
19702928
19702929
19702932
19702938
19843616
19843617
19843620
19843621
19843622
19843623
19843625
19843634
19843638
19843639
19843640
19843644
19843645
19843646
19843647
19713157
19713175
19906152
19853880
19853881
19853882
19853883
19853884
19853886
19723406
19864096
19864098
19864099
19864102
19864104
19864110
19864112
19864113
19926625
19926626
19926627
19926628
19926631
19926635
19926637
19926638
19926639
19926641
19926644
19926645
19926650
19926651
19926654
19874336
19874340
19874341
19874342
19874352
19874358
19874360
19743872
19743874
19743876
19743877
19743878
19743882
19743884
19743894
19743896
19743902
19936865
19936873
19936874
19936875
19936876
19936878
19936880
19936881
19936884
19884583
19884599
19884606
19884607
19947121
19947122
19947123
19947124
19947126
19947128
19947129
19947132
19894818
19894824
19894830
19894832
19894833
19774592
19774608
19957344
19957350
19957352
19957353
19957368
19905056
19905057
19905061
19905062
19905063
19905065
19915321
19915322
19915323
19915324
19915326
19795081
19795082
19795083
19795084
19795086
19795088
19795089
19795092
19795093
19795096
19795098
19925536
19925537
19925538
19925540
19925541
19925544
19925545
19925546
19925547
19925548
19925550
19925551
19925552
19925553
19925554
19925555
19925556
19925557
19925558
19925559
19925560
19925561
19925562
19925564
19925565
19805312
19805334
19805336
19805342
19935776
19935777
19935778
19935779
19935781
19935782
19935783
19935785
19935787
19935788
19935789
19935791
19935799
19935805
19935806
19935807
19825802
19825806
19825808
19825812
19946041
19946042
19946043
19946044
19946046
19836037
19836038
19836039
19836041
19836049
19836050
19836051
19836052
19836054
19836056
19836057
19836061
19836062
19836063
19956256
19956257
19956258
19956259
19956260
19956261
19956262
19956264
19956265
19956266
19956267
19956268
19956270
19956271
19956272
19956273
19956274
19956275
19956276
19956277
19956278
19956279
19956280
19956281
19956282
19956284
19956285
19846278
19846279
19846280
19856526
19856528
19866752
19866753
19866768
19897472
19897473
19897490
19897491
19897494
19897496
19897497
19897501
19897502
19897503
19917961
19917962
19917963
19917964
19917966
19917968
19917969
19917972
19917978
19928207
19928215
19938433
19938434
19938435
19938436
19938437
19938439
19938445
19938446
19938447
19938449
19938451
19938455
19938457
19938458
19938459
19938460
19938463
19948673
19948681
19948682
19948683
19948684
19948685
19948686
19948687
19948688
19948689
19948690
19948691
19948692
19948693
19948694
19948695
19948696
19948697
19948698
19948699
19948700
19948701
19948702
100% - Tempo: 114.183723 s
12 Lmax R = 4
13 Lmax R = 0
